c PicoSAT SAT Solver Version 954
c Copyright (c) 2006 - 2012 Armin Biere JKU Linz
c gcc -Wall -Wextra -DNDEBUG -O3
c
c using 2 as default phase
c
c parsing infile.cnf
c parsed header 'p cnf 3540 62838'
c initialized 3540 variables
c found 62838 non trivial clauses
c
c random number generator seed 0
c 
c  seconds     variables   original    learned     agility
c         level        used      conflicts    limit          MB
c 
c s   0.0   0.0  3540   0.0 37460     0     0     0   0.0   3.2 
c 
c initial reduction limit 1000 clauses
c 
c +   0.0 660.2  3540  19.6 37460   100   100  1100   7.4   3.3 
c R   0.0 660.2  3540  19.6 37460   100   100  1100   7.4   3.3 
c +   0.1 480.1  3540  39.3 37460   221   221  1210   6.1   3.4 
c +   0.1 450.9  3540  39.7 37460   367   367  1331   5.3   3.6 
c R   0.1 449.1  3540  39.7 37460   400   400  1331   5.9   3.7 
c +   0.1 393.3  3540  41.9 37460   543   543  1464   6.8   3.8 
c +   0.1 370.3  3540  43.5 37460   755   755  1610   5.5   4.1 
c +   0.1 354.6  3540  45.3 37460  1011  1011  1771   6.7   4.4 
c R   0.1 345.9  3540  46.9 37460  1212  1212  1771   4.0   4.8 
c +   0.2 331.9  3540  48.0 37460  1320  1320  1948   4.0   4.9 
c +   0.2 334.5  3540  49.0 37460  1693  1693  2142   4.1   5.7 
c +   0.2 358.6  3540  49.6 37460  2144  2144  2356   3.0   6.7 
c +   0.3 359.3  3540  52.0 37460  2689  1499  2591   3.6   5.3 
c R   0.4 363.9  3540  52.1 37460  3225  2035  2591   3.3   6.8 
c +   0.4 362.4  3540  52.1 37460  3348  2158  2850   3.3   7.2 
c +   0.5 359.1  3540  53.7 37460  4145  1528  3135   5.2   5.0 
c +   0.6 351.7  3540  54.0 37460  5109  2492  3448   5.0   6.8 
c +   0.7 350.6  3540  54.2 37460  6275  1911  3792   3.8   5.3 
c +   0.8 363.8  3540  54.4 37460  7685  3321  4171   4.2   8.8 
c R   0.8 368.0  3540  54.4 37460  8059  3695  4171   3.9   9.9 
c 
c  seconds     variables   original    learned     agility
c         level        used      conflicts    limit          MB
c 
c +   1.0 357.1  3540  55.0 37460  9391  2939  4588   5.7   6.7 
c +   1.2 355.2  3540  55.3 37460 11455  2699  5046   3.3   6.6 
c +   1.5 351.6  3540  55.4 37460 13952  2667  5550   6.2   5.8 
c +   1.8 358.3  3540  55.4 37460 16973  2888  6105   4.6   5.8 
c R   2.1 359.0  3540  55.4 37460 19290  5205  6105   5.7  11.2 
c +   2.2 356.2  3540  55.5 37460 20628  3478  6715   4.3   6.7 
c +   2.7 355.4  3540  55.7 37460 25050  4528  7386   5.6   9.0 
c +   3.2 353.6  3540  55.8 37460 30400  6173  8124   6.1  10.8 
c +   3.8 352.6  3540  55.9 37460 36873  4506  8936   5.1   7.7 
c +   4.8 356.4  3540  55.9 37460 44705  7856  9829   5.7  15.1 
c R   4.8 356.1  3540  55.9 37460 44985  8136  9829   5.3  15.7 
c +   5.8 357.2  3540  56.1 37460 54181  7491 10811   4.7  14.1 
c +   7.0 356.4  3540  56.1 37460 65646  8107 11892   4.2  13.4 
c +   8.4 352.5  3540  56.3 37460 79518 10055 13081   4.7  17.0 
c +  10.3 345.9  3540  56.3 37460 96303  7150 14389   3.8   9.3 
c R  10.9 340.6  3540  56.3 37460 102e3 13577 14389   5.8  20.1 
c +  12.4 336.7  3540  56.3 37460 116e3 13048 15827   6.3  20.8 
c +  15.5 337.9  3540  56.3 37460 141e3 13859 17409   6.2  23.7 
c +  19.1 338.6  3540  56.3 37460 170e3  8727 19149   4.8  10.0 
c +  24.2 345.2  3540  56.4 37460 206e3 15917 21063   5.6  27.4 
c R  28.2 351.8  3540  56.4 37460 231e3 19031 21063   8.0  35.2 
c +  30.8 348.9  3540  56.4 37460 250e3 17268 23169   4.3  23.3 
c 
c  seconds     variables   original    learned     agility
c         level        used      conflicts    limit          MB
c 
c +  37.9 345.7  3540  56.5 37460 303e3 11926 25485   7.7  12.7 
c +  47.2 346.0  3540  56.5 37460 366e3 24628 28033   7.3  40.1 
c +  58.4 345.8  3540  56.6 37460 443e3 17550 30836   3.8  22.0 
c R  69.9 345.9  3540  56.6 37460 513e3 25141 30836   6.6  37.3 
c +  73.6 345.1  3540  56.7 37460 537e3 18200 33919   4.9  20.5 
c +  92.0 347.5  3540  56.8 37460 650e3 29283 37310   7.7  45.1 
c + 115.8 347.1  3540  57.1 37460 786e3 35164 41041   7.8  60.4 
