c PicoSAT SAT Solver Version 954
c Copyright (c) 2006 - 2012 Armin Biere JKU Linz
c gcc -Wall -Wextra -DNDEBUG -O3
c
c using 2 as default phase
c
c parsing infile.cnf
c parsed header 'p cnf 4260 90515'
c initialized 4260 variables
c found 90515 non trivial clauses
c
c random number generator seed 0
c 
c  seconds     variables   original    learned     agility
c         level        used      conflicts    limit          MB
c 
c s   0.0   0.0  4242  18.3 10865     0  3150     0   0.0   2.8 
c 
c initial reduction limit 1000 clauses
c 
c +   0.0  80.2  4242  27.8 10865   100   886  1100   3.9   2.8 
c R   0.0  80.2  4242  29.2 10865   103   889  1100   4.0   2.8 
c +   0.0 171.2  4242  35.8 10865   221  1007  1210   6.2   2.9 
c +   0.0 219.9  4242  41.8 10865   367  1153  1331   8.3   2.9 
c R   0.0 231.0  4242  41.9 10865   404  1190  1331   8.9   2.9 
c +   0.1 295.7  4242  52.1 10865   543  1329  1464   8.7   3.0 
c +   0.1 350.2  4242  61.3 10865   755   791  1610   8.0   2.8 
c +   0.1 382.1  4242  71.5 10865  1011  1047  1771   8.8   2.9 
c R   0.1 423.9  4242  72.3 10865  1211  1247  1771  12.1   3.1 
c +   0.1 411.2  4242  76.2 10865  1320  1354  1948   7.9   3.1 
c +   0.1 386.9  4242  77.1 10865  1693  1727  2142  18.6   3.4 
c +   0.1 362.5  4242  77.8 10865  2144  1091  2356  21.0   3.0 
c +   0.2 361.2  4242  77.9 10865  2689  1636  2591  28.1   3.5 
c N   0.2 359.8  4242  77.9 10865  3227  2174  2591  29.2   4.2 
c +   0.2 359.5  4242  77.9 10865  3348  2295  2850  29.4   4.3 
c +   0.3 357.6  4242  77.9 10865  4145  1649  3135  25.7   3.6 
c +   0.5 355.9  4242  78.0 10865  5109  2613  3448  26.0   4.9 
c +   0.6 354.0  4242  78.0 10865  6275  2036  3792  23.9   4.1 
c +   0.8 352.3  4242  78.0 10865  7685  3446  4171  28.8   6.2 
c N   0.8 352.1  4242  78.0 10865  8048  3809  4171  29.9   6.8 
c 
c  seconds     variables   original    learned     agility
c         level        used      conflicts    limit          MB
c 
c +   1.0 350.8  4242  78.0 10865  9391  3048  4588  26.0   5.4 
c +   1.2 360.0  4242  78.1 10865 11455  2801  5046  13.8   4.7 
c +   1.4 342.7  4242  79.6 10865 13952  2763  5550  22.7   4.4 
c +   1.6 355.4  4242  79.7 10865 16973  2995  6105  24.8   4.5 
c N   1.8 353.4  4242  79.7 10865 19281  5303  6105  23.7   7.6 
c +   1.9 352.3  4242  79.8 10865 20628  3586  6715  23.9   5.2 
c +   2.3 350.8  4242  80.0 10865 25050  4637  7386  29.3   6.5 
c +   2.7 349.6  4242  80.0 10865 30400  6280  8124  28.7   8.6 
c +   3.2 346.3  4242  80.0 10865 36873  4575  8936  20.0   5.4 
c +   3.9 336.3  4242  80.0 10865 44705  7910  9829  22.2  11.3 
c N   3.9 336.2  4242  80.0 10865 44954  8159  9829  23.0  11.8 
c +   4.6 326.5  4242  80.0 10865 54181  7514 10811  21.4   8.6 
c +   5.7 323.7  4242  80.0 10865 65646  8125 11892  26.8   9.8 
c +   6.9 319.9  4242  80.0 10865 79518 10062 13081  23.4  11.6 
c +   8.6 333.5  4242  80.0 10865 96303  7183 14389  26.1   7.3 
c R   9.3 331.8  4242  80.0 10865 102e3 13565 14389  21.5  19.8 
c +  10.6 331.1  4242  80.0 10865 116e3 13067 15827  21.5  18.4 
c +  12.9 330.7  4242  80.0 10865 141e3 13826 17409  25.8  15.5 
c +  16.0 328.8  4242  80.1 10865 170e3 17343 19149  24.5  21.1 
c +  19.7 325.9  4242  80.1 10865 206e3 14926 21063  22.7  17.8 
c R  22.8 322.1  4242  80.1 10865 230e3 17840 21063  20.0  22.4 
c +  24.5 318.4  4242  80.1 10865 250e3 16218 23169  13.7  15.6 
c 
c  seconds     variables   original    learned     agility
c         level        used      conflicts    limit          MB
c 
c +  30.1 310.5  4242  80.1 10865 303e3 22447 25485  18.5  25.7 
c +  36.8 309.5  4242  80.1 10865 366e3 22310 28033  26.8  22.3 
c +  44.4 307.1  4242  80.1 10865 443e3 15138 30836  18.3  11.4 
c N  53.3 307.9  4242  80.1 10865 513e3 22497 30836  23.4  23.8 
c +  55.7 306.7  4242  80.1 10865 537e3 15758 33919  25.9  10.4 
c +  66.7 304.0  4242  80.1 10865 650e3 26725 37310  22.8  25.8 
c +  82.3 306.3  4242  80.1 10865 786e3 32502 41041  18.1  34.4 
c + 101.0 302.9  4242  80.3 10865 952e3 33424 45145  20.0  38.4 
